55,34,1581.00,346.00,339.00,158.00,1,-1,-1,-1
56,34,1509.00,347.00,411.00,160.00,1,-1,-1,-1
57,34,1445.00,345.00,432.00,157.00,1,-1,-1,-1
58,34,1378.00,343.00,433.00,158.00,1,-1,-1,-1
59,34,1312.00,344.00,430.00,157.00,1,-1,-1,-1
60,34,1247.00,344.00,428.00,156.00,1,-1,-1,-1
61,34,1181.00,345.00,425.00,156.00,1,-1,-1,-1
62,34,1116.00,345.00,423.00,155.00,1,-1,-1,-1
63,34,1050.00,346.00,420.00,154.00,1,-1,-1,-1
64,34,972.00,347.00,421.00,154.00,1,-1,-1,-1
65,34,893.00,348.00,422.00,154.00,1,-1,-1,-1
66,34,815.00,349.00,423.00,154.00,1,-1,-1,-1
67,34,737.00,349.00,424.00,153.00,1,-1,-1,-1
68,34,658.00,350.00,425.00,153.00,1,-1,-1,-1
69,34,580.00,351.00,426.00,153.00,1,-1,-1,-1
70,34,500.00,353.00,420.00,154.00,1,-1,-1,-1
71,34,419.00,354.00,414.00,156.00,1,-1,-1,-1
72,34,339.00,356.00,409.00,157.00,1,-1,-1,-1
73,34,258.00,357.00,403.00,159.00,1,-1,-1,-1
74,34,178.00,359.00,397.00,160.00,1,-1,-1,-1
75,34,98.00,362.00,390.00,159.00,1,-1,-1,-1
76,34,17.00,364.00,383.00,158.00,1,-1,-1,-1
77,34,0.00,363.00,318.00,160.00,1,-1,-1,-1
84,7,1572.00,342.00,348.00,163.00,1,-1,-1,-1
85,7,1508.00,341.00,412.00,159.00,1,-1,-1,-1
86,7,1455.00,340.00,432.00,164.00,1,-1,-1,-1
87,7,1386.00,341.00,436.00,164.00,1,-1,-1,-1
88,7,1316.00,341.00,441.00,164.00,1,-1,-1,-1
89,7,1247.00,342.00,445.00,164.00,1,-1,-1,-1
90,7,1178.00,342.00,449.00,164.00,1,-1,-1,-1
91,7,1108.00,343.00,454.00,164.00,1,-1,-1,-1
92,7,1039.00,343.00,458.00,164.00,1,-1,-1,-1
93,7,959.00,344.00,458.00,165.00,1,-1,-1,-1
94,7,878.00,345.00,458.00,165.00,1,-1,-1,-1
95,7,798.00,346.00,459.00,166.00,1,-1,-1,-1
96,7,717.00,347.00,459.00,166.00,1,-1,-1,-1
97,7,637.00,348.00,459.00,167.00,1,-1,-1,-1
98,7,557.00,348.00,459.00,167.00,1,-1,-1,-1
99,7,476.00,349.00,459.00,168.00,1,-1,-1,-1
100,7,396.00,350.00,460.00,168.00,1,-1,-1,-1
101,7,315.00,351.00,460.00,169.00,1,-1,-1,-1
102,7,235.00,352.00,460.00,169.00,1,-1,-1,-1
103,7,156.00,354.00,439.00,171.00,1,-1,-1,-1
103,54,1578.00,369.00,342.00,132.00,1,-1,-1,-1
104,7,76.00,356.00,418.00,172.00,1,-1,-1,-1
104,54,1512.00,371.00,382.00,131.00,1,-1,-1,-1
105,7,27.00,363.00,415.00,159.00,1,-1,-1,-1
105,54,1437.00,371.00,385.00,132.00,1,-1,-1,-1
106,7,0.00,368.00,357.00,154.00,1,-1,-1,-1
106,54,1362.00,371.00,387.00,132.00,1,-1,-1,-1
107,54,1287.00,371.00,390.00,133.00,1,-1,-1,-1
108,54,1213.00,371.00,393.00,134.00,1,-1,-1,-1
109,54,1138.00,371.00,396.00,135.00,1,-1,-1,-1
110,54,1063.00,371.00,398.00,135.00,1,-1,-1,-1
111,54,988.00,371.00,401.00,136.00,1,-1,-1,-1
112,54,903.00,372.00,400.00,136.00,1,-1,-1,-1
113,54,818.00,374.00,398.00,136.00,1,-1,-1,-1
114,35,556.00,186.00,1364.00,294.00,1,-1,-1,-1
114,54,733.00,375.00,397.00,136.00,1,-1,-1,-1
115,35,517.00,186.00,1403.00,294.00,1,-1,-1,-1
115,54,649.00,377.00,395.00,137.00,1,-1,-1,-1
116,35,477.00,187.00,1443.00,294.00,1,-1,-1,-1
116,54,564.00,378.00,394.00,137.00,1,-1,-1,-1
117,35,438.00,187.00,1482.00,295.00,1,-1,-1,-1
117,54,479.00,379.00,392.00,137.00,1,-1,-1,-1
118,35,398.00,188.00,1522.00,295.00,1,-1,-1,-1
118,54,394.00,381.00,391.00,137.00,1,-1,-1,-1
119,35,360.00,190.00,1526.00,293.00,1,-1,-1,-1
119,54,309.00,382.00,389.00,137.00,1,-1,-1,-1
120,35,323.00,191.00,1529.00,290.00,1,-1,-1,-1
120,54,226.00,385.00,383.00,136.00,1,-1,-1,-1
121,35,285.00,193.00,1533.00,288.00,1,-1,-1,-1
121,54,144.00,389.00,378.00,136.00,1,-1,-1,-1
122,35,244.00,194.00,1532.00,289.00,1,-1,-1,-1
122,54,61.00,392.00,372.00,135.00,1,-1,-1,-1
123,35,204.00,196.00,1530.00,290.00,1,-1,-1,-1
123,54,0.00,394.00,343.00,133.00,1,-1,-1,-1
124,35,163.00,197.00,1529.00,291.00,1,-1,-1,-1
125,35,122.00,198.00,1527.00,293.00,1,-1,-1,-1
126,35,81.00,199.00,1526.00,294.00,1,-1,-1,-1
127,35,41.00,201.00,1524.00,295.00,1,-1,-1,-1
128,8,1591.00,370.00,329.00,134.00,1,-1,-1,-1
128,9,0.00,516.00,489.00,254.00,1,-1,-1,-1
129,8,1477.00,370.00,331.00,134.00,1,-1,-1,-1
129,9,0.00,513.00,556.00,256.00,1,-1,-1,-1
130,8,1363.00,370.00,334.00,135.00,1,-1,-1,-1
130,9,0.00,509.00,623.00,258.00,1,-1,-1,-1
131,8,1250.00,370.00,336.00,135.00,1,-1,-1,-1
131,9,50.00,506.00,647.00,262.00,1,-1,-1,-1
132,8,1136.00,370.00,339.00,136.00,1,-1,-1,-1
132,9,100.00,502.00,672.00,267.00,1,-1,-1,-1
133,8,1022.00,370.00,341.00,136.00,1,-1,-1,-1
133,9,150.00,499.00,696.00,271.00,1,-1,-1,-1
134,8,896.00,372.00,350.00,137.00,1,-1,-1,-1
134,9,230.00,497.00,694.00,274.00,1,-1,-1,-1
135,8,771.00,374.00,358.00,137.00,1,-1,-1,-1
135,9,309.00,495.00,692.00,277.00,1,-1,-1,-1
136,9,349.00,492.00,694.00,277.00,1,-1,-1,-1
137,9,456.00,494.00,700.00,270.00,1,-1,-1,-1
138,9,549.00,494.00,692.00,269.00,1,-1,-1,-1
139,9,642.00,494.00,684.00,269.00,1,-1,-1,-1
140,9,735.00,494.00,675.00,268.00,1,-1,-1,-1
141,9,828.00,494.00,667.00,267.00,1,-1,-1,-1
142,9,922.00,495.00,659.00,267.00,1,-1,-1,-1
142,36,0.00,461.00,404.00,214.00,1,-1,-1,-1
143,9,1015.00,495.00,651.00,266.00,1,-1,-1,-1
143,36,0.00,455.00,453.00,219.00,1,-1,-1,-1
144,9,1108.00,495.00,642.00,265.00,1,-1,-1,-1
144,36,15.00,456.00,501.00,215.00,1,-1,-1,-1
145,9,1201.00,495.00,634.00,265.00,1,-1,-1,-1
145,36,60.00,455.00,510.00,217.00,1,-1,-1,-1
146,9,1294.00,495.00,626.00,264.00,1,-1,-1,-1
146,36,104.00,453.00,519.00,218.00,1,-1,-1,-1
147,9,1393.00,498.00,527.00,262.00,1,-1,-1,-1
147,36,149.00,452.00,528.00,220.00,1,-1,-1,-1
148,36,224.00,449.00,519.00,223.00,1,-1,-1,-1
149,36,299.00,446.00,510.00,226.00,1,-1,-1,-1
150,36,370.00,445.00,513.00,226.00,1,-1,-1,-1
151,36,447.00,443.00,517.00,227.00,1,-1,-1,-1
152,10,0.00,604.00,597.00,349.00,1,-1,-1,-1
152,36,524.00,441.00,521.00,227.00,1,-1,-1,-1
153,10,9.00,599.00,694.00,381.00,1,-1,-1,-1
153,36,602.00,440.00,525.00,228.00,1,-1,-1,-1
153,37,1537.00,360.00,355.00,135.00,1,-1,-1,-1
154,10,52.00,604.00,692.00,395.00,1,-1,-1,-1
154,36,679.00,438.00,529.00,228.00,1,-1,-1,-1
154,37,1393.00,360.00,363.00,140.00,1,-1,-1,-1
155,10,149.00,614.00,732.00,428.00,1,-1,-1,-1
155,36,756.00,436.00,533.00,229.00,1,-1,-1,-1
155,37,1249.00,360.00,372.00,144.00,1,-1,-1,-1
156,10,240.00,631.00,721.00,440.00,1,-1,-1,-1
156,36,833.00,434.00,537.00,229.00,1,-1,-1,-1
156,37,1106.00,359.00,380.00,149.00,1,-1,-1,-1
157,10,299.00,645.00,748.00,435.00,1,-1,-1,-1
157,36,927.00,433.00,532.00,230.00,1,-1,-1,-1
158,10,395.00,660.00,818.00,420.00,1,-1,-1,-1
158,36,1022.00,431.00,527.00,231.00,1,-1,-1,-1
158,37,818.00,359.00,397.00,158.00,1,-1,-1,-1
159,10,506.00,685.00,799.00,395.00,1,-1,-1,-1
159,36,1116.00,430.00,521.00,231.00,1,-1,-1,-1
159,37,680.00,362.00,395.00,158.00,1,-1,-1,-1
160,36,1211.00,428.00,516.00,232.00,1,-1,-1,-1
160,37,542.00,364.00,394.00,158.00,1,-1,-1,-1
161,36,1305.00,427.00,511.00,233.00,1,-1,-1,-1
161,37,404.00,367.00,393.00,160.00,1,-1,-1,-1
162,36,1394.00,437.00,512.00,223.00,1,-1,-1,-1
162,37,266.00,369.00,392.00,160.00,1,-1,-1,-1
163,36,1495.00,433.00,425.00,225.00,1,-1,-1,-1
163,37,128.00,372.00,391.00,160.00,1,-1,-1,-1
164,37,21.00,391.00,337.00,131.00,1,-1,-1,-1
171,11,0.00,479.00,570.00,292.00,1,-1,-1,-1
172,11,0.00,478.00,688.00,292.00,1,-1,-1,-1
173,11,68.00,476.00,720.00,292.00,1,-1,-1,-1
174,11,126.00,476.00,794.00,296.00,1,-1,-1,-1
175,11,277.00,470.00,780.00,306.00,1,-1,-1,-1
176,11,401.00,465.00,809.00,314.00,1,-1,-1,-1
177,11,529.00,468.00,833.00,307.00,1,-1,-1,-1
178,11,550.00,472.00,853.00,307.00,1,-1,-1,-1
179,11,729.00,473.00,788.00,299.00,1,-1,-1,-1
180,11,898.00,465.00,752.00,299.00,1,-1,-1,-1
181,11,1027.00,454.00,756.00,307.00,1,-1,-1,-1
182,11,1156.00,442.00,759.00,314.00,1,-1,-1,-1
183,11,1272.00,464.00,648.00,289.00,1,-1,-1,-1
211,12,0.00,445.00,639.00,241.00,1,-1,-1,-1
212,12,173.00,441.00,660.00,243.00,1,-1,-1,-1
213,12,381.00,437.00,668.00,246.00,1,-1,-1,-1
214,12,589.00,433.00,675.00,250.00,1,-1,-1,-1
215,12,797.00,429.00,683.00,253.00,1,-1,-1,-1
216,12,1005.00,424.00,691.00,256.00,1,-1,-1,-1
217,12,1248.00,428.00,638.00,243.00,1,-1,-1,-1
239,13,0.00,533.00,495.00,254.00,1,-1,-1,-1
240,13,179.00,530.00,577.00,256.00,1,-1,-1,-1
241,13,435.00,525.00,594.00,263.00,1,-1,-1,-1
242,13,690.00,520.00,612.00,269.00,1,-1,-1,-1
243,13,946.00,515.00,629.00,276.00,1,-1,-1,-1
244,13,1216.00,518.00,581.00,263.00,1,-1,-1,-1
245,13,1481.00,516.00,439.00,259.00,1,-1,-1,-1
262,14,1558.00,366.00,354.00,135.00,1,-1,-1,-1
263,14,1395.00,360.00,402.00,146.00,1,-1,-1,-1
264,14,1259.00,362.00,400.00,146.00,1,-1,-1,-1
265,14,1123.00,363.00,398.00,146.00,1,-1,-1,-1
266,14,987.00,365.00,397.00,146.00,1,-1,-1,-1
267,14,851.00,367.00,395.00,146.00,1,-1,-1,-1
268,14,715.00,368.00,394.00,145.00,1,-1,-1,-1
269,14,579.00,370.00,392.00,145.00,1,-1,-1,-1
270,14,443.00,372.00,391.00,145.00,1,-1,-1,-1
271,14,307.00,373.00,388.00,145.00,1,-1,-1,-1
272,14,171.00,375.00,387.00,145.00,1,-1,-1,-1
273,14,35.00,377.00,386.00,145.00,1,-1,-1,-1
274,14,0.00,392.00,278.00,127.00,1,-1,-1,-1
289,15,0.00,506.00,616.00,295.00,1,-1,-1,-1
290,15,120.00,506.00,760.00,287.00,1,-1,-1,-1
291,15,335.00,495.00,822.00,305.00,1,-1,-1,-1
292,15,587.00,483.00,823.00,318.00,1,-1,-1,-1
293,15,870.00,483.00,767.00,306.00,1,-1,-1,-1
294,15,1136.00,496.00,753.00,293.00,1,-1,-1,-1
317,38,1678.00,358.00,242.00,117.00,1,-1,-1,-1
318,38,1559.00,357.00,328.00,121.00,1,-1,-1,-1
319,38,1417.00,350.00,367.00,133.00,1,-1,-1,-1
320,38,1299.00,353.00,366.00,132.00,1,-1,-1,-1
321,38,1181.00,356.00,365.00,131.00,1,-1,-1,-1
322,38,1063.00,358.00,364.00,130.00,1,-1,-1,-1
323,38,946.00,361.00,363.00,129.00,1,-1,-1,-1
324,38,828.00,364.00,362.00,128.00,1,-1,-1,-1
325,38,710.00,367.00,361.00,127.00,1,-1,-1,-1
326,38,592.00,370.00,360.00,126.00,1,-1,-1,-1
327,38,474.00,373.00,359.00,125.00,1,-1,-1,-1
328,38,356.00,375.00,357.00,123.00,1,-1,-1,-1
329,38,238.00,378.00,356.00,122.00,1,-1,-1,-1
330,38,120.00,381.00,355.00,121.00,1,-1,-1,-1
331,38,20.00,385.00,324.00,114.00,1,-1,-1,-1
338,17,53.00,479.00,537.00,201.00,1,-1,-1,-1
339,16,1546.00,348.00,374.00,154.00,1,-1,-1,-1
339,17,267.00,464.00,608.00,226.00,1,-1,-1,-1
340,16,1436.00,348.00,380.00,155.00,1,-1,-1,-1
340,17,520.00,460.00,611.00,227.00,1,-1,-1,-1
341,16,1325.00,348.00,386.00,155.00,1,-1,-1,-1
341,17,773.00,457.00,613.00,228.00,1,-1,-1,-1
342,16,1215.00,348.00,392.00,156.00,1,-1,-1,-1
342,17,1026.00,453.00,615.00,229.00,1,-1,-1,-1
343,16,1104.00,348.00,398.00,156.00,1,-1,-1,-1
343,17,1320.00,471.00,546.00,199.00,1,-1,-1,-1
344,16,986.00,349.00,398.00,156.00,1,-1,-1,-1
345,16,868.00,350.00,397.00,157.00,1,-1,-1,-1
346,16,750.00,351.00,397.00,157.00,1,-1,-1,-1
347,16,632.00,352.00,396.00,158.00,1,-1,-1,-1
348,16,514.00,353.00,396.00,158.00,1,-1,-1,-1
349,16,400.00,356.00,391.00,159.00,1,-1,-1,-1
349,55,1632.00,351.00,288.00,120.00,1,-1,-1,-1
350,16,286.00,360.00,386.00,160.00,1,-1,-1,-1
350,55,1504.00,349.00,339.00,124.00,1,-1,-1,-1
351,16,171.00,363.00,381.00,160.00,1,-1,-1,-1
351,55,1367.00,350.00,343.00,124.00,1,-1,-1,-1
352,16,57.00,366.00,376.00,161.00,1,-1,-1,-1
352,55,1230.00,350.00,348.00,124.00,1,-1,-1,-1
353,16,0.00,369.00,318.00,160.00,1,-1,-1,-1
353,55,1093.00,351.00,352.00,124.00,1,-1,-1,-1
354,55,945.00,352.00,356.00,136.00,1,-1,-1,-1
355,55,813.00,354.00,362.00,136.00,1,-1,-1,-1
356,18,0.00,530.00,569.00,241.00,1,-1,-1,-1
356,55,679.00,356.00,367.00,135.00,1,-1,-1,-1
357,18,185.00,527.00,649.00,245.00,1,-1,-1,-1
357,55,552.00,360.00,358.00,133.00,1,-1,-1,-1
358,18,445.00,511.00,675.00,266.00,1,-1,-1,-1
358,55,425.00,363.00,349.00,131.00,1,-1,-1,-1
359,18,704.00,494.00,701.00,287.00,1,-1,-1,-1
359,55,298.00,367.00,339.00,129.00,1,-1,-1,-1
360,18,950.00,490.00,718.00,288.00,1,-1,-1,-1
360,55,171.00,370.00,330.00,127.00,1,-1,-1,-1
361,18,1238.00,502.00,656.00,259.00,1,-1,-1,-1
361,55,44.00,374.00,321.00,125.00,1,-1,-1,-1
363,39,1606.00,323.00,314.00,147.00,1,-1,-1,-1
364,39,1482.00,329.00,341.00,142.00,1,-1,-1,-1
365,39,1337.00,328.00,348.00,147.00,1,-1,-1,-1
366,39,1192.00,328.00,355.00,153.00,1,-1,-1,-1
367,39,1047.00,327.00,362.00,158.00,1,-1,-1,-1
368,39,902.00,326.00,368.00,163.00,1,-1,-1,-1
369,39,757.00,326.00,375.00,169.00,1,-1,-1,-1
370,39,612.00,325.00,382.00,174.00,1,-1,-1,-1
371,39,474.00,327.00,384.00,173.00,1,-1,-1,-1
372,39,335.00,330.00,387.00,172.00,1,-1,-1,-1
373,39,212.00,340.00,364.00,162.00,1,-1,-1,-1
374,19,1479.00,341.00,426.00,158.00,1,-1,-1,-1
374,39,88.00,349.00,341.00,151.00,1,-1,-1,-1
375,19,1327.00,338.00,438.00,166.00,1,-1,-1,-1
375,39,0.00,353.00,291.00,147.00,1,-1,-1,-1
376,19,1176.00,335.00,450.00,174.00,1,-1,-1,-1
377,19,1024.00,332.00,462.00,182.00,1,-1,-1,-1
378,19,872.00,329.00,474.00,190.00,1,-1,-1,-1
379,19,728.00,332.00,474.00,189.00,1,-1,-1,-1
380,19,585.00,336.00,473.00,187.00,1,-1,-1,-1
381,19,441.00,340.00,473.00,185.00,1,-1,-1,-1
382,19,297.00,343.00,472.00,184.00,1,-1,-1,-1
383,19,153.00,346.00,472.00,182.00,1,-1,-1,-1
384,19,35.00,362.00,422.00,162.00,1,-1,-1,-1
402,20,1555.00,351.00,339.00,151.00,1,-1,-1,-1
403,20,1395.00,331.00,363.00,186.00,1,-1,-1,-1
404,20,1241.00,334.00,365.00,186.00,1,-1,-1,-1
405,20,1088.00,337.00,366.00,186.00,1,-1,-1,-1
406,20,935.00,339.00,369.00,185.00,1,-1,-1,-1
407,20,783.00,342.00,371.00,185.00,1,-1,-1,-1
408,20,630.00,345.00,372.00,185.00,1,-1,-1,-1
409,20,485.00,351.00,361.00,177.00,1,-1,-1,-1
410,20,340.00,358.00,351.00,170.00,1,-1,-1,-1
411,20,194.00,364.00,340.00,162.00,1,-1,-1,-1
412,20,49.00,370.00,329.00,154.00,1,-1,-1,-1
446,21,0.00,511.00,531.00,287.00,1,-1,-1,-1
447,21,133.00,504.00,727.00,301.00,1,-1,-1,-1
448,21,424.00,497.00,735.00,311.00,1,-1,-1,-1
449,21,715.00,489.00,743.00,322.00,1,-1,-1,-1
450,21,1059.00,502.00,662.00,288.00,1,-1,-1,-1
451,21,1346.00,501.00,574.00,283.00,1,-1,-1,-1
463,22,1594.00,358.00,325.00,147.00,1,-1,-1,-1
464,22,1458.00,359.00,347.00,146.00,1,-1,-1,-1
465,22,1324.00,361.00,345.00,146.00,1,-1,-1,-1
466,22,1189.00,362.00,345.00,146.00,1,-1,-1,-1
467,22,1055.00,364.00,344.00,146.00,1,-1,-1,-1
468,22,920.00,365.00,343.00,145.00,1,-1,-1,-1
469,22,778.00,368.00,344.00,142.00,1,-1,-1,-1
470,22,635.00,372.00,344.00,138.00,1,-1,-1,-1
471,22,493.00,375.00,345.00,135.00,1,-1,-1,-1
472,22,363.00,378.00,336.00,134.00,1,-1,-1,-1
473,22,233.00,382.00,328.00,133.00,1,-1,-1,-1
474,22,103.00,385.00,319.00,132.00,1,-1,-1,-1
475,22,0.00,398.00,282.00,123.00,1,-1,-1,-1
486,24,2.00,505.00,602.00,276.00,1,-1,-1,-1
487,24,264.00,497.00,614.00,286.00,1,-1,-1,-1
488,24,525.00,488.00,625.00,295.00,1,-1,-1,-1
489,24,804.00,486.00,623.00,297.00,1,-1,-1,-1
490,24,1083.00,483.00,621.00,298.00,1,-1,-1,-1
491,24,1361.00,476.00,559.00,296.00,1,-1,-1,-1
537,40,1655.00,347.00,265.00,123.00,1,-1,-1,-1
538,40,1510.00,348.00,306.00,123.00,1,-1,-1,-1
539,40,1361.00,348.00,311.00,124.00,1,-1,-1,-1
540,40,1212.00,348.00,315.00,125.00,1,-1,-1,-1
541,40,1058.00,350.00,314.00,129.00,1,-1,-1,-1
542,40,904.00,353.00,313.00,132.00,1,-1,-1,-1
543,25,0.00,556.00,722.00,477.00,1,-1,-1,-1
543,40,750.00,355.00,312.00,136.00,1,-1,-1,-1
544,25,0.00,586.00,841.00,480.00,1,-1,-1,-1
544,40,602.00,358.00,315.00,136.00,1,-1,-1,-1
545,25,53.00,603.00,924.00,477.00,1,-1,-1,-1
545,40,455.00,361.00,316.00,136.00,1,-1,-1,-1
546,25,148.00,618.00,978.00,462.00,1,-1,-1,-1
546,40,307.00,363.00,318.00,136.00,1,-1,-1,-1
547,25,243.00,632.00,1032.00,448.00,1,-1,-1,-1
547,40,160.00,366.00,319.00,136.00,1,-1,-1,-1
548,25,338.00,647.00,1086.00,433.00,1,-1,-1,-1
548,40,12.00,369.00,321.00,136.00,1,-1,-1,-1
549,25,432.00,680.00,1163.00,400.00,1,-1,-1,-1
588,42,524.00,321.00,259.00,132.00,1,-1,-1,-1
589,42,510.00,322.00,268.00,131.00,1,-1,-1,-1
590,42,502.00,322.00,268.00,131.00,1,-1,-1,-1
591,42,491.00,323.00,256.00,132.00,1,-1,-1,-1
592,42,472.00,328.00,276.00,132.00,1,-1,-1,-1
593,42,461.00,329.00,279.00,130.00,1,-1,-1,-1
594,42,438.00,328.00,284.00,134.00,1,-1,-1,-1
595,42,424.00,330.00,292.00,132.00,1,-1,-1,-1
596,42,392.00,328.00,317.00,142.00,1,-1,-1,-1
597,42,378.00,335.00,318.00,129.00,1,-1,-1,-1
598,42,352.00,334.00,348.00,135.00,1,-1,-1,-1
599,42,327.00,337.00,344.00,129.00,1,-1,-1,-1
600,42,298.00,338.00,358.00,130.00,1,-1,-1,-1
601,42,284.00,339.00,347.00,129.00,1,-1,-1,-1
602,42,260.00,340.00,336.00,133.00,1,-1,-1,-1
603,42,230.00,339.00,350.00,133.00,1,-1,-1,-1
604,42,210.00,342.00,352.00,130.00,1,-1,-1,-1
605,42,172.00,341.00,359.00,134.00,1,-1,-1,-1
606,42,150.00,344.00,364.00,131.00,1,-1,-1,-1
607,42,125.00,345.00,380.00,132.00,1,-1,-1,-1
608,42,91.00,345.00,365.00,135.00,1,-1,-1,-1
609,42,73.00,347.00,361.00,130.00,1,-1,-1,-1
610,42,25.00,348.00,363.00,134.00,1,-1,-1,-1
611,42,15.00,350.00,345.00,132.00,1,-1,-1,-1
612,42,0.00,350.00,342.00,133.00,1,-1,-1,-1
613,42,0.00,351.00,304.00,140.00,1,-1,-1,-1
614,42,0.00,352.00,265.00,146.00,1,-1,-1,-1
624,26,1684.00,398.00,236.00,166.00,1,-1,-1,-1
625,26,1648.00,392.00,272.00,155.00,1,-1,-1,-1
626,26,1594.00,374.00,319.00,162.00,1,-1,-1,-1
627,26,1568.00,366.00,312.00,160.00,1,-1,-1,-1
628,26,1541.00,358.00,304.00,158.00,1,-1,-1,-1
629,26,1515.00,350.00,297.00,156.00,1,-1,-1,-1
630,26,1490.00,344.00,305.00,151.00,1,-1,-1,-1
631,26,1472.00,347.00,266.00,136.00,1,-1,-1,-1
651,27,946.00,320.00,150.00,136.00,1,-1,-1,-1
652,27,949.00,322.00,152.00,137.00,1,-1,-1,-1
653,27,952.00,324.00,154.00,138.00,1,-1,-1,-1
654,27,955.00,326.00,156.00,139.00,1,-1,-1,-1
655,27,959.00,328.00,159.00,142.00,1,-1,-1,-1
656,27,962.00,330.00,162.00,145.00,1,-1,-1,-1
657,27,966.00,332.00,165.00,148.00,1,-1,-1,-1
658,27,970.00,334.00,167.00,150.00,1,-1,-1,-1
659,27,973.00,336.00,170.00,153.00,1,-1,-1,-1
660,27,977.00,338.00,173.00,156.00,1,-1,-1,-1
661,27,983.00,341.00,179.00,161.00,1,-1,-1,-1
662,27,988.00,344.00,185.00,166.00,1,-1,-1,-1
663,27,994.00,347.00,191.00,172.00,1,-1,-1,-1
664,27,999.00,349.00,196.00,177.00,1,-1,-1,-1
665,27,1005.00,352.00,202.00,182.00,1,-1,-1,-1
666,27,1010.00,355.00,208.00,187.00,1,-1,-1,-1
667,27,1009.00,362.00,220.00,184.00,1,-1,-1,-1
668,27,1015.00,355.00,217.00,198.00,1,-1,-1,-1
669,27,1016.00,356.00,229.00,201.00,1,-1,-1,-1
670,27,1027.00,376.00,230.00,193.00,1,-1,-1,-1
671,27,1036.00,383.00,237.00,191.00,1,-1,-1,-1
672,27,1044.00,388.00,245.00,195.00,1,-1,-1,-1
672,29,919.00,308.00,182.00,151.00,1,-1,-1,-1
673,27,1046.00,391.00,256.00,204.00,1,-1,-1,-1
673,29,924.00,307.00,183.00,155.00,1,-1,-1,-1
674,27,1067.00,395.00,254.00,223.00,1,-1,-1,-1
674,29,927.00,308.00,186.00,157.00,1,-1,-1,-1
675,27,1067.00,399.00,276.00,231.00,1,-1,-1,-1
675,29,931.00,317.00,189.00,160.00,1,-1,-1,-1
676,27,1072.00,405.00,298.00,232.00,1,-1,-1,-1
676,29,940.00,315.00,197.00,171.00,1,-1,-1,-1
677,27,1079.00,424.00,323.00,242.00,1,-1,-1,-1
677,29,945.00,320.00,197.00,172.00,1,-1,-1,-1
678,27,1114.00,424.00,315.00,264.00,1,-1,-1,-1
678,29,950.00,324.00,200.00,172.00,1,-1,-1,-1
679,27,1121.00,426.00,334.00,279.00,1,-1,-1,-1
679,29,954.00,325.00,207.00,177.00,1,-1,-1,-1
680,27,1131.00,437.00,354.00,285.00,1,-1,-1,-1
680,29,955.00,324.00,213.00,182.00,1,-1,-1,-1
681,27,1162.00,450.00,361.00,293.00,1,-1,-1,-1
681,29,965.00,329.00,228.00,183.00,1,-1,-1,-1
682,27,1169.00,473.00,388.00,300.00,1,-1,-1,-1
682,29,957.00,331.00,249.00,190.00,1,-1,-1,-1
683,27,1185.00,476.00,397.00,318.00,1,-1,-1,-1
683,29,959.00,337.00,263.00,188.00,1,-1,-1,-1
684,27,1217.00,483.00,420.00,339.00,1,-1,-1,-1
684,29,960.00,339.00,277.00,196.00,1,-1,-1,-1
685,27,1222.00,490.00,447.00,365.00,1,-1,-1,-1
685,29,993.00,340.00,259.00,210.00,1,-1,-1,-1
686,27,1268.00,516.00,472.00,369.00,1,-1,-1,-1
686,29,996.00,342.00,274.00,220.00,1,-1,-1,-1
687,27,1295.00,544.00,483.00,364.00,1,-1,-1,-1
687,29,1004.00,344.00,287.00,223.00,1,-1,-1,-1
688,27,1324.00,563.00,512.00,365.00,1,-1,-1,-1
688,29,1014.00,367.00,301.00,210.00,1,-1,-1,-1
688,43,487.00,327.00,246.00,118.00,1,-1,-1,-1
689,27,1385.00,593.00,521.00,389.00,1,-1,-1,-1
689,29,1016.00,371.00,317.00,217.00,1,-1,-1,-1
689,43,449.00,328.00,252.00,119.00,1,-1,-1,-1
690,27,1414.00,596.00,506.00,429.00,1,-1,-1,-1
690,29,1047.00,371.00,317.00,238.00,1,-1,-1,-1
690,43,405.00,332.00,264.00,120.00,1,-1,-1,-1
691,27,1469.00,619.00,451.00,450.00,1,-1,-1,-1
691,29,1053.00,375.00,337.00,249.00,1,-1,-1,-1
691,43,361.00,336.00,276.00,121.00,1,-1,-1,-1
692,27,1508.00,643.00,412.00,437.00,1,-1,-1,-1
692,29,1059.00,378.00,358.00,260.00,1,-1,-1,-1
692,43,315.00,339.00,294.00,121.00,1,-1,-1,-1
693,29,1085.00,383.00,369.00,275.00,1,-1,-1,-1
693,43,248.00,335.00,325.00,140.00,1,-1,-1,-1
694,29,1092.00,385.00,386.00,286.00,1,-1,-1,-1
694,43,209.00,336.00,315.00,140.00,1,-1,-1,-1
695,29,1102.00,406.00,408.00,289.00,1,-1,-1,-1
695,43,171.00,337.00,306.00,141.00,1,-1,-1,-1
696,29,1130.00,410.00,429.00,299.00,1,-1,-1,-1
696,43,132.00,338.00,296.00,141.00,1,-1,-1,-1
697,29,1139.00,417.00,450.00,311.00,1,-1,-1,-1
697,43,82.00,344.00,296.00,141.00,1,-1,-1,-1
698,29,1175.00,433.00,453.00,322.00,1,-1,-1,-1
698,43,32.00,349.00,295.00,140.00,1,-1,-1,-1
699,29,1199.00,447.00,474.00,317.00,1,-1,-1,-1
699,43,0.00,360.00,287.00,123.00,1,-1,-1,-1
700,29,1214.00,474.00,490.00,311.00,1,-1,-1,-1
701,29,1254.00,474.00,506.00,348.00,1,-1,-1,-1
702,29,1280.00,488.00,534.00,363.00,1,-1,-1,-1
703,29,1305.00,508.00,569.00,376.00,1,-1,-1,-1
704,29,1354.00,524.00,566.00,393.00,1,-1,-1,-1
705,29,1380.00,541.00,540.00,403.00,1,-1,-1,-1
706,29,1428.00,560.00,492.00,449.00,1,-1,-1,-1
715,31,908.00,320.00,157.00,129.00,1,-1,-1,-1
716,31,917.00,322.00,167.00,129.00,1,-1,-1,-1
717,31,917.00,326.00,174.00,147.00,1,-1,-1,-1
718,31,920.00,330.00,180.00,147.00,1,-1,-1,-1
719,31,925.00,335.00,184.00,151.00,1,-1,-1,-1
720,31,929.00,339.00,189.00,152.00,1,-1,-1,-1
721,31,942.00,340.00,201.00,163.00,1,-1,-1,-1
722,31,950.00,347.00,207.00,176.00,1,-1,-1,-1
723,31,953.00,349.00,215.00,176.00,1,-1,-1,-1
724,31,971.00,353.00,218.00,185.00,1,-1,-1,-1
725,31,960.00,353.00,252.00,200.00,1,-1,-1,-1
726,31,993.00,353.00,248.00,207.00,1,-1,-1,-1
727,31,998.00,376.00,256.00,201.00,1,-1,-1,-1
728,31,1009.00,381.00,268.00,209.00,1,-1,-1,-1
729,31,1016.00,388.00,290.00,221.00,1,-1,-1,-1
730,31,1041.00,392.00,304.00,240.00,1,-1,-1,-1
731,31,1048.00,400.00,327.00,251.00,1,-1,-1,-1
732,31,1051.00,420.00,365.00,259.00,1,-1,-1,-1
733,31,1086.00,423.00,382.00,283.00,1,-1,-1,-1
734,31,1102.00,437.00,393.00,290.00,1,-1,-1,-1
735,31,1128.00,456.00,429.00,306.00,1,-1,-1,-1
736,31,1154.00,474.00,465.00,322.00,1,-1,-1,-1
737,31,1191.00,488.00,475.00,342.00,1,-1,-1,-1
738,31,1251.00,509.00,515.00,367.00,1,-1,-1,-1
739,31,1286.00,539.00,530.00,366.00,1,-1,-1,-1
740,31,1336.00,567.00,552.00,393.00,1,-1,-1,-1
741,31,1393.00,596.00,527.00,417.00,1,-1,-1,-1
742,31,1450.00,623.00,470.00,448.00,1,-1,-1,-1
756,32,905.00,305.00,197.00,144.00,1,-1,-1,-1
757,32,908.00,308.00,207.00,147.00,1,-1,-1,-1
758,32,913.00,320.00,218.00,158.00,1,-1,-1,-1
759,32,937.00,326.00,212.00,163.00,1,-1,-1,-1
760,32,943.00,332.00,219.00,161.00,1,-1,-1,-1
761,32,940.00,325.00,260.00,190.00,1,-1,-1,-1
762,32,951.00,334.00,271.00,193.00,1,-1,-1,-1
763,32,992.00,343.00,259.00,206.00,1,-1,-1,-1
764,32,994.00,346.00,289.00,216.00,1,-1,-1,-1
765,32,998.00,367.00,328.00,213.00,1,-1,-1,-1
766,28,1626.00,438.00,294.00,267.00,1,-1,-1,-1
766,32,1039.00,368.00,336.00,248.00,1,-1,-1,-1
767,28,1592.00,427.00,328.00,260.00,1,-1,-1,-1
767,32,1042.00,382.00,372.00,253.00,1,-1,-1,-1
768,28,1535.00,423.00,385.00,250.00,1,-1,-1,-1
768,32,1089.00,389.00,384.00,273.00,1,-1,-1,-1
769,28,1495.00,411.00,425.00,247.00,1,-1,-1,-1
769,32,1097.00,412.00,408.00,287.00,1,-1,-1,-1
770,28,1455.00,399.00,465.00,244.00,1,-1,-1,-1
770,32,1138.00,411.00,455.00,333.00,1,-1,-1,-1
771,28,1412.00,395.00,463.00,236.00,1,-1,-1,-1
771,32,1154.00,461.00,515.00,336.00,1,-1,-1,-1
772,28,1370.00,390.00,462.00,229.00,1,-1,-1,-1
772,32,1161.00,476.00,571.00,344.00,1,-1,-1,-1
773,28,1327.00,386.00,460.00,221.00,1,-1,-1,-1
773,32,1241.00,499.00,618.00,384.00,1,-1,-1,-1
774,28,1285.00,381.00,459.00,214.00,1,-1,-1,-1
774,32,1316.00,529.00,604.00,414.00,1,-1,-1,-1
775,28,1242.00,377.00,457.00,206.00,1,-1,-1,-1
775,32,1384.00,566.00,536.00,444.00,1,-1,-1,-1
776,28,1197.00,373.00,459.00,203.00,1,-1,-1,-1
777,28,1153.00,368.00,462.00,200.00,1,-1,-1,-1
778,28,1108.00,364.00,464.00,197.00,1,-1,-1,-1
779,28,1063.00,360.00,466.00,194.00,1,-1,-1,-1
780,28,1019.00,355.00,469.00,191.00,1,-1,-1,-1
781,28,974.00,351.00,471.00,188.00,1,-1,-1,-1
782,28,912.00,354.00,469.00,176.00,1,-1,-1,-1
783,28,864.00,354.00,442.00,165.00,1,-1,-1,-1
784,28,835.00,352.00,461.00,165.00,1,-1,-1,-1
785,28,771.00,351.00,462.00,163.00,1,-1,-1,-1
786,28,743.00,345.00,484.00,168.00,1,-1,-1,-1
787,28,680.00,344.00,474.00,165.00,1,-1,-1,-1
788,28,628.00,342.00,453.00,164.00,1,-1,-1,-1
789,28,569.00,343.00,446.00,160.00,1,-1,-1,-1
790,28,542.00,344.00,462.00,156.00,1,-1,-1,-1
791,28,486.00,348.00,443.00,152.00,1,-1,-1,-1
792,28,426.00,351.00,429.00,146.00,1,-1,-1,-1
793,28,411.00,348.00,424.00,147.00,1,-1,-1,-1
794,28,349.00,346.00,420.00,153.00,1,-1,-1,-1
795,28,274.00,349.00,438.00,146.00,1,-1,-1,-1
796,28,266.00,351.00,419.00,142.00,1,-1,-1,-1
797,28,215.00,355.00,392.00,136.00,1,-1,-1,-1
798,28,177.00,352.00,388.00,141.00,1,-1,-1,-1
799,28,124.00,356.00,405.00,138.00,1,-1,-1,-1
800,28,70.00,359.00,389.00,138.00,1,-1,-1,-1
801,28,35.00,359.00,377.00,138.00,1,-1,-1,-1
802,28,0.00,358.00,365.00,138.00,1,-1,-1,-1
803,28,0.00,358.00,306.00,137.00,1,-1,-1,-1
876,44,0.00,423.00,365.00,183.00,1,-1,-1,-1
877,44,0.00,424.00,414.00,180.00,1,-1,-1,-1
878,44,26.00,424.00,446.00,174.00,1,-1,-1,-1
879,44,55.00,423.00,427.00,173.00,1,-1,-1,-1
880,44,106.00,419.00,453.00,174.00,1,-1,-1,-1
881,44,169.00,411.00,455.00,180.00,1,-1,-1,-1
882,44,198.00,408.00,432.00,182.00,1,-1,-1,-1
883,44,241.00,407.00,477.00,179.00,1,-1,-1,-1
884,44,311.00,404.00,469.00,178.00,1,-1,-1,-1
885,44,331.00,400.00,466.00,180.00,1,-1,-1,-1
886,44,383.00,400.00,494.00,174.00,1,-1,-1,-1
887,44,452.00,392.00,484.00,178.00,1,-1,-1,-1
888,44,472.00,388.00,482.00,178.00,1,-1,-1,-1
889,44,553.00,385.00,457.00,175.00,1,-1,-1,-1
890,44,622.00,386.00,440.00,171.00,1,-1,-1,-1
891,44,648.00,369.00,427.00,180.00,1,-1,-1,-1
892,44,722.00,369.00,404.00,177.00,1,-1,-1,-1
893,44,784.00,365.00,400.00,175.00,1,-1,-1,-1
894,44,814.00,366.00,377.00,167.00,1,-1,-1,-1
895,44,871.00,362.00,374.00,163.00,1,-1,-1,-1
896,44,905.00,360.00,345.00,160.00,1,-1,-1,-1
897,44,946.00,357.00,351.00,154.00,1,-1,-1,-1
898,44,979.00,355.00,325.00,155.00,1,-1,-1,-1
899,44,1016.00,347.00,297.00,157.00,1,-1,-1,-1
900,44,1048.00,340.00,298.00,156.00,1,-1,-1,-1
901,44,1076.00,332.00,279.00,163.00,1,-1,-1,-1
902,44,1119.00,342.00,239.00,136.00,1,-1,-1,-1
903,44,1159.00,337.00,208.00,133.00,1,-1,-1,-1
904,44,1168.00,334.00,202.00,132.00,1,-1,-1,-1
905,44,1187.00,335.00,185.00,124.00,1,-1,-1,-1
906,44,1202.00,322.00,172.00,130.00,1,-1,-1,-1
907,44,1217.00,323.00,164.00,123.00,1,-1,-1,-1
908,44,1225.00,324.00,155.00,121.00,1,-1,-1,-1
909,44,1235.00,322.00,142.00,119.00,1,-1,-1,-1
910,44,1242.00,319.00,132.00,119.00,1,-1,-1,-1
911,44,1244.00,313.00,127.00,121.00,1,-1,-1,-1
912,44,1243.00,311.00,124.00,118.00,1,-1,-1,-1
913,44,1239.00,308.00,125.00,118.00,1,-1,-1,-1
914,44,1233.00,307.00,130.00,114.00,1,-1,-1,-1
915,44,1219.00,301.00,134.00,119.00,1,-1,-1,-1
916,44,1213.00,302.00,134.00,114.00,1,-1,-1,-1
916,45,747.00,358.00,388.00,173.00,1,-1,-1,-1
917,44,1206.00,297.00,136.00,107.00,1,-1,-1,-1
917,45,794.00,359.00,394.00,165.00,1,-1,-1,-1
918,44,1201.00,298.00,133.00,103.00,1,-1,-1,-1
918,45,827.00,354.00,369.00,165.00,1,-1,-1,-1
919,44,1196.00,297.00,130.00,100.00,1,-1,-1,-1
919,45,871.00,353.00,377.00,157.00,1,-1,-1,-1
920,44,1189.00,294.00,128.00,98.00,1,-1,-1,-1
920,45,902.00,348.00,355.00,160.00,1,-1,-1,-1
921,44,1182.00,292.00,125.00,95.00,1,-1,-1,-1
921,45,930.00,342.00,333.00,157.00,1,-1,-1,-1
922,44,1175.00,289.00,123.00,93.00,1,-1,-1,-1
922,45,968.00,340.00,320.00,152.00,1,-1,-1,-1
923,44,1167.00,287.00,121.00,91.00,1,-1,-1,-1
923,45,1001.00,333.00,294.00,154.00,1,-1,-1,-1
924,44,1160.00,284.00,119.00,89.00,1,-1,-1,-1
924,45,1040.00,331.00,253.00,147.00,1,-1,-1,-1
925,44,1153.00,282.00,116.00,86.00,1,-1,-1,-1
925,45,1072.00,326.00,245.00,145.00,1,-1,-1,-1
926,44,1146.00,279.00,114.00,84.00,1,-1,-1,-1
926,45,1088.00,327.00,232.00,141.00,1,-1,-1,-1
927,44,1140.00,278.00,115.00,84.00,1,-1,-1,-1
927,45,1109.00,323.00,226.00,140.00,1,-1,-1,-1
928,44,1134.00,276.00,115.00,84.00,1,-1,-1,-1
928,45,1130.00,318.00,219.00,138.00,1,-1,-1,-1
929,44,1129.00,275.00,116.00,85.00,1,-1,-1,-1
929,45,1147.00,318.00,201.00,135.00,1,-1,-1,-1
930,44,1123.00,273.00,116.00,85.00,1,-1,-1,-1
930,45,1169.00,310.00,187.00,135.00,1,-1,-1,-1
931,44,1117.00,272.00,117.00,85.00,1,-1,-1,-1
931,45,1178.00,309.00,180.00,133.00,1,-1,-1,-1
932,44,1111.00,270.00,117.00,85.00,1,-1,-1,-1
932,45,1189.00,308.00,171.00,128.00,1,-1,-1,-1
933,44,1106.00,271.00,114.00,83.00,1,-1,-1,-1
933,45,1198.00,305.00,162.00,128.00,1,-1,-1,-1
933,46,908.00,361.00,344.00,161.00,1,-1,-1,-1
934,44,1099.00,271.00,114.00,79.00,1,-1,-1,-1
934,45,1201.00,302.00,155.00,124.00,1,-1,-1,-1
934,46,955.00,355.00,347.00,156.00,1,-1,-1,-1
935,44,1094.00,271.00,116.00,78.00,1,-1,-1,-1
935,45,1204.00,300.00,148.00,121.00,1,-1,-1,-1
935,46,990.00,358.00,320.00,152.00,1,-1,-1,-1
936,46,1035.00,346.00,315.00,153.00,1,-1,-1,-1
937,46,1061.00,343.00,294.00,156.00,1,-1,-1,-1
938,45,1214.00,292.00,128.00,110.00,1,-1,-1,-1
938,46,1109.00,349.00,255.00,142.00,1,-1,-1,-1
939,46,1155.00,344.00,223.00,138.00,1,-1,-1,-1
940,46,1165.00,340.00,216.00,136.00,1,-1,-1,-1
941,46,1201.00,333.00,206.00,138.00,1,-1,-1,-1
941,47,0.00,391.00,473.00,212.00,1,-1,-1,-1
942,45,1201.00,285.00,126.00,108.00,1,-1,-1,-1
942,46,1211.00,336.00,195.00,129.00,1,-1,-1,-1
942,47,0.00,384.00,524.00,220.00,1,-1,-1,-1
943,45,1198.00,283.00,126.00,108.00,1,-1,-1,-1
943,46,1225.00,332.00,186.00,127.00,1,-1,-1,-1
943,47,1.00,385.00,567.00,216.00,1,-1,-1,-1
944,45,1195.00,281.00,125.00,107.00,1,-1,-1,-1
944,46,1238.00,328.00,176.00,126.00,1,-1,-1,-1
944,47,45.00,380.00,580.00,222.00,1,-1,-1,-1
945,45,1191.00,280.00,125.00,107.00,1,-1,-1,-1
945,46,1252.00,324.00,167.00,124.00,1,-1,-1,-1
945,47,106.00,375.00,583.00,222.00,1,-1,-1,-1
946,45,1188.00,278.00,124.00,106.00,1,-1,-1,-1
946,46,1262.00,324.00,157.00,122.00,1,-1,-1,-1
946,47,149.00,375.00,578.00,220.00,1,-1,-1,-1
947,45,1185.00,276.00,124.00,106.00,1,-1,-1,-1
947,46,1271.00,324.00,144.00,119.00,1,-1,-1,-1
947,47,186.00,372.00,600.00,222.00,1,-1,-1,-1
948,45,1179.00,275.00,124.00,107.00,1,-1,-1,-1
948,46,1280.00,321.00,133.00,116.00,1,-1,-1,-1
948,47,249.00,368.00,605.00,219.00,1,-1,-1,-1
949,45,1176.00,273.00,121.00,107.00,1,-1,-1,-1
949,46,1283.00,318.00,128.00,112.00,1,-1,-1,-1
949,47,306.00,365.00,567.00,219.00,1,-1,-1,-1
950,45,1170.00,272.00,119.00,105.00,1,-1,-1,-1
950,46,1282.00,314.00,127.00,111.00,1,-1,-1,-1
950,47,332.00,367.00,608.00,216.00,1,-1,-1,-1
951,45,1167.00,271.00,118.00,101.00,1,-1,-1,-1
951,46,1278.00,311.00,128.00,111.00,1,-1,-1,-1
951,47,390.00,370.00,613.00,208.00,1,-1,-1,-1
952,45,1157.00,269.00,117.00,103.00,1,-1,-1,-1
952,46,1273.00,308.00,128.00,112.00,1,-1,-1,-1
952,47,443.00,355.00,548.00,209.00,1,-1,-1,-1
953,45,1153.00,268.00,118.00,103.00,1,-1,-1,-1
953,46,1268.00,306.00,129.00,111.00,1,-1,-1,-1
953,47,497.00,355.00,560.00,205.00,1,-1,-1,-1
954,45,1148.00,270.00,117.00,91.00,1,-1,-1,-1
954,46,1256.00,303.00,131.00,112.00,1,-1,-1,-1
954,47,544.00,352.00,539.00,206.00,1,-1,-1,-1
955,45,1144.00,272.00,113.00,86.00,1,-1,-1,-1
955,46,1251.00,303.00,130.00,110.00,1,-1,-1,-1
955,47,594.00,348.00,532.00,207.00,1,-1,-1,-1
956,45,1139.00,272.00,112.00,85.00,1,-1,-1,-1
956,46,1240.00,299.00,136.00,105.00,1,-1,-1,-1
956,47,645.00,343.00,539.00,207.00,1,-1,-1,-1
957,45,1134.00,271.00,113.00,84.00,1,-1,-1,-1
957,46,1234.00,300.00,134.00,100.00,1,-1,-1,-1
957,47,679.00,341.00,512.00,206.00,1,-1,-1,-1
958,46,1230.00,301.00,133.00,96.00,1,-1,-1,-1
958,47,724.00,337.00,529.00,204.00,1,-1,-1,-1
959,46,1221.00,298.00,128.00,95.00,1,-1,-1,-1
959,47,756.00,338.00,507.00,197.00,1,-1,-1,-1
960,46,1214.00,296.00,127.00,94.00,1,-1,-1,-1
960,47,813.00,339.00,491.00,187.00,1,-1,-1,-1
961,46,1206.00,294.00,125.00,93.00,1,-1,-1,-1
961,47,847.00,341.00,466.00,180.00,1,-1,-1,-1
962,46,1199.00,291.00,124.00,92.00,1,-1,-1,-1
962,47,876.00,338.00,441.00,179.00,1,-1,-1,-1
962,48,0.00,562.00,501.00,215.00,1,-1,-1,-1
963,46,1192.00,289.00,122.00,91.00,1,-1,-1,-1
963,47,918.00,338.00,416.00,178.00,1,-1,-1,-1
963,48,0.00,560.00,573.00,215.00,1,-1,-1,-1
964,46,1184.00,287.00,121.00,91.00,1,-1,-1,-1
964,47,947.00,334.00,396.00,177.00,1,-1,-1,-1
964,48,38.00,529.00,624.00,260.00,1,-1,-1,-1
965,47,978.00,328.00,373.00,177.00,1,-1,-1,-1
965,48,108.00,563.00,598.00,210.00,1,-1,-1,-1
965,49,0.00,466.00,427.00,211.00,1,-1,-1,-1
966,47,1023.00,323.00,342.00,172.00,1,-1,-1,-1
966,48,180.00,535.00,644.00,255.00,1,-1,-1,-1
966,49,20.00,462.00,468.00,221.00,1,-1,-1,-1
967,47,1050.00,315.00,317.00,173.00,1,-1,-1,-1
967,48,260.00,537.00,645.00,253.00,1,-1,-1,-1
967,49,82.00,460.00,474.00,223.00,1,-1,-1,-1
968,47,1071.00,313.00,299.00,171.00,1,-1,-1,-1
968,48,339.00,538.00,646.00,251.00,1,-1,-1,-1
968,49,144.00,457.00,480.00,225.00,1,-1,-1,-1
969,47,1091.00,311.00,282.00,171.00,1,-1,-1,-1
969,48,443.00,534.00,683.00,253.00,1,-1,-1,-1
969,49,205.00,455.00,486.00,227.00,1,-1,-1,-1
970,47,1122.00,309.00,244.00,152.00,1,-1,-1,-1
970,48,488.00,532.00,672.00,250.00,1,-1,-1,-1
970,49,267.00,452.00,492.00,229.00,1,-1,-1,-1
971,47,1130.00,308.00,234.00,153.00,1,-1,-1,-1
971,48,637.00,525.00,633.00,259.00,1,-1,-1,-1
971,49,329.00,450.00,498.00,231.00,1,-1,-1,-1
972,47,1159.00,304.00,210.00,160.00,1,-1,-1,-1
972,48,745.00,527.00,630.00,255.00,1,-1,-1,-1
972,49,400.00,444.00,512.00,240.00,1,-1,-1,-1
973,46,1135.00,275.00,104.00,76.00,1,-1,-1,-1
973,47,1168.00,303.00,199.00,157.00,1,-1,-1,-1
973,48,853.00,529.00,627.00,252.00,1,-1,-1,-1
973,49,471.00,439.00,527.00,248.00,1,-1,-1,-1
974,47,1176.00,301.00,189.00,155.00,1,-1,-1,-1
974,48,961.00,532.00,624.00,248.00,1,-1,-1,-1
974,49,542.00,433.00,541.00,257.00,1,-1,-1,-1
975,47,1187.00,300.00,175.00,150.00,1,-1,-1,-1
975,48,1069.00,534.00,620.00,244.00,1,-1,-1,-1
975,49,632.00,431.00,538.00,256.00,1,-1,-1,-1
976,47,1191.00,298.00,167.00,150.00,1,-1,-1,-1
976,48,1177.00,536.00,617.00,241.00,1,-1,-1,-1
976,49,722.00,430.00,535.00,256.00,1,-1,-1,-1
977,47,1196.00,297.00,163.00,145.00,1,-1,-1,-1
977,48,1285.00,538.00,614.00,237.00,1,-1,-1,-1
977,49,811.00,429.00,531.00,256.00,1,-1,-1,-1
978,47,1199.00,296.00,158.00,143.00,1,-1,-1,-1
978,48,1412.00,536.00,508.00,228.00,1,-1,-1,-1
978,49,901.00,428.00,528.00,255.00,1,-1,-1,-1
979,47,1201.00,295.00,154.00,140.00,1,-1,-1,-1
979,49,991.00,427.00,525.00,255.00,1,-1,-1,-1
980,47,1203.00,294.00,150.00,135.00,1,-1,-1,-1
980,49,1080.00,426.00,521.00,255.00,1,-1,-1,-1
981,47,1203.00,295.00,145.00,131.00,1,-1,-1,-1
981,49,1170.00,425.00,518.00,254.00,1,-1,-1,-1
981,50,0.00,438.00,478.00,242.00,1,-1,-1,-1
982,47,1201.00,284.00,144.00,135.00,1,-1,-1,-1
982,49,1260.00,424.00,515.00,254.00,1,-1,-1,-1
982,50,0.00,434.00,568.00,251.00,1,-1,-1,-1
983,47,1197.00,283.00,149.00,135.00,1,-1,-1,-1
983,49,1350.00,423.00,512.00,254.00,1,-1,-1,-1
983,50,15.00,432.00,646.00,254.00,1,-1,-1,-1
984,47,1192.00,283.00,150.00,132.00,1,-1,-1,-1
984,49,1441.00,422.00,479.00,254.00,1,-1,-1,-1
984,50,34.00,429.00,721.00,259.00,1,-1,-1,-1
985,47,1187.00,281.00,150.00,131.00,1,-1,-1,-1
985,50,171.00,426.00,691.00,260.00,1,-1,-1,-1
986,47,1184.00,281.00,149.00,127.00,1,-1,-1,-1
986,50,285.00,423.00,723.00,260.00,1,-1,-1,-1
987,47,1177.00,280.00,146.00,122.00,1,-1,-1,-1
987,50,318.00,416.00,735.00,268.00,1,-1,-1,-1
988,47,1171.00,280.00,150.00,118.00,1,-1,-1,-1
988,50,477.00,410.00,672.00,272.00,1,-1,-1,-1
988,51,0.00,523.00,440.00,260.00,1,-1,-1,-1
989,47,1167.00,279.00,149.00,116.00,1,-1,-1,-1
989,50,592.00,401.00,722.00,286.00,1,-1,-1,-1
989,51,0.00,530.00,529.00,252.00,1,-1,-1,-1
990,47,1162.00,278.00,147.00,112.00,1,-1,-1,-1
990,50,693.00,415.00,690.00,264.00,1,-1,-1,-1
990,51,53.00,512.00,606.00,276.00,1,-1,-1,-1
991,47,1156.00,276.00,149.00,111.00,1,-1,-1,-1
991,50,762.00,421.00,721.00,265.00,1,-1,-1,-1
991,51,135.00,509.00,606.00,278.00,1,-1,-1,-1
992,47,1151.00,276.00,150.00,109.00,1,-1,-1,-1
992,50,913.00,423.00,689.00,262.00,1,-1,-1,-1
992,51,217.00,505.00,605.00,279.00,1,-1,-1,-1
993,47,1142.00,272.00,144.00,112.00,1,-1,-1,-1
993,50,1032.00,422.00,675.00,257.00,1,-1,-1,-1
993,51,314.00,505.00,613.00,278.00,1,-1,-1,-1
994,47,1140.00,271.00,141.00,112.00,1,-1,-1,-1
994,50,1150.00,422.00,660.00,253.00,1,-1,-1,-1
994,51,411.00,506.00,622.00,276.00,1,-1,-1,-1
995,47,1135.00,268.00,139.00,113.00,1,-1,-1,-1
995,50,1269.00,421.00,646.00,248.00,1,-1,-1,-1
995,51,508.00,506.00,630.00,275.00,1,-1,-1,-1
996,47,1131.00,268.00,131.00,113.00,1,-1,-1,-1
996,50,1378.00,427.00,542.00,238.00,1,-1,-1,-1
996,51,649.00,507.00,609.00,272.00,1,-1,-1,-1
997,47,1129.00,267.00,125.00,111.00,1,-1,-1,-1
997,51,759.00,504.00,614.00,275.00,1,-1,-1,-1
998,47,1126.00,268.00,122.00,108.00,1,-1,-1,-1
998,51,869.00,502.00,618.00,278.00,1,-1,-1,-1
999,47,1120.00,266.00,125.00,105.00,1,-1,-1,-1
999,51,978.00,499.00,623.00,280.00,1,-1,-1,-1
1000,47,1113.00,264.00,127.00,102.00,1,-1,-1,-1
1000,51,1088.00,496.00,627.00,283.00,1,-1,-1,-1
1001,47,1108.00,266.00,127.00,99.00,1,-1,-1,-1
1001,51,1199.00,502.00,608.00,273.00,1,-1,-1,-1
1002,51,1309.00,507.00,589.00,263.00,1,-1,-1,-1
1003,51,1422.00,505.00,498.00,265.00,1,-1,-1,-1
1082,56,0.00,435.00,910.00,376.00,1,-1,-1,-1
1083,56,148.00,453.00,970.00,333.00,1,-1,-1,-1
1084,56,425.00,427.00,988.00,375.00,1,-1,-1,-1
1085,56,661.00,423.00,1013.00,374.00,1,-1,-1,-1
1086,56,938.00,447.00,949.00,343.00,1,-1,-1,-1
1100,57,1527.00,342.00,393.00,169.00,1,-1,-1,-1
1101,57,1423.00,337.00,455.00,167.00,1,-1,-1,-1
1102,57,1304.00,337.00,461.00,167.00,1,-1,-1,-1
1103,57,1185.00,337.00,467.00,168.00,1,-1,-1,-1
1104,57,1066.00,337.00,472.00,168.00,1,-1,-1,-1
1105,57,947.00,337.00,478.00,168.00,1,-1,-1,-1
1106,57,826.00,339.00,475.00,169.00,1,-1,-1,-1
1107,57,705.00,341.00,473.00,170.00,1,-1,-1,-1
1108,57,585.00,343.00,470.00,170.00,1,-1,-1,-1
1108,58,1590.00,320.00,329.00,163.00,1,-1,-1,-1
1109,57,464.00,345.00,468.00,171.00,1,-1,-1,-1
1109,58,1476.00,332.00,349.00,140.00,1,-1,-1,-1
1110,57,343.00,347.00,465.00,172.00,1,-1,-1,-1
1110,58,1338.00,332.00,357.00,140.00,1,-1,-1,-1
1111,57,231.00,351.00,458.00,173.00,1,-1,-1,-1
1111,58,1199.00,332.00,364.00,140.00,1,-1,-1,-1
1112,57,98.00,346.00,497.00,178.00,1,-1,-1,-1
1112,58,1061.00,333.00,361.00,145.00,1,-1,-1,-1
1113,57,9.00,357.00,442.00,169.00,1,-1,-1,-1
1113,58,922.00,334.00,358.00,150.00,1,-1,-1,-1
1114,57,0.00,357.00,335.00,167.00,1,-1,-1,-1
1114,58,784.00,335.00,355.00,155.00,1,-1,-1,-1
1115,58,649.00,338.00,355.00,154.00,1,-1,-1,-1
1116,58,515.00,340.00,356.00,153.00,1,-1,-1,-1
1117,58,381.00,343.00,356.00,152.00,1,-1,-1,-1
1118,58,247.00,345.00,358.00,151.00,1,-1,-1,-1
1119,58,102.00,354.00,352.00,138.00,1,-1,-1,-1
1120,58,0.00,355.00,318.00,139.00,1,-1,-1,-1
1130,59,1491.00,351.00,392.00,155.00,1,-1,-1,-1
1131,59,1339.00,354.00,391.00,153.00,1,-1,-1,-1
1132,59,1188.00,358.00,391.00,151.00,1,-1,-1,-1
1133,59,1037.00,361.00,391.00,150.00,1,-1,-1,-1
1134,59,885.00,365.00,389.00,147.00,1,-1,-1,-1
1135,59,728.00,370.00,383.00,143.00,1,-1,-1,-1
1136,59,570.00,375.00,377.00,138.00,1,-1,-1,-1
1137,59,419.00,379.00,375.00,138.00,1,-1,-1,-1
1138,59,268.00,382.00,373.00,137.00,1,-1,-1,-1
1139,59,129.00,383.00,388.00,139.00,1,-1,-1,-1
1140,59,0.00,387.00,386.00,138.00,1,-1,-1,-1
1151,60,685.00,437.00,801.00,350.00,1,-1,-1,-1
1152,60,943.00,445.00,798.00,331.00,1,-1,-1,-1
1153,60,1170.00,429.00,750.00,350.00,1,-1,-1,-1
1445,70,0.00,588.00,478.00,332.00,1,-1,-1,-1
1446,70,0.00,592.00,535.00,342.00,1,-1,-1,-1
1447,70,0.00,595.00,587.00,351.00,1,-1,-1,-1
1448,70,25.00,604.00,631.00,345.00,1,-1,-1,-1
1449,70,64.00,609.00,644.00,361.00,1,-1,-1,-1
1450,70,98.00,615.00,646.00,376.00,1,-1,-1,-1
1451,70,163.00,616.00,673.00,414.00,1,-1,-1,-1
1452,70,208.00,626.00,672.00,421.00,1,-1,-1,-1
1453,70,279.00,635.00,710.00,440.00,1,-1,-1,-1
1454,70,311.00,647.00,735.00,433.00,1,-1,-1,-1
1455,70,391.00,661.00,762.00,419.00,1,-1,-1,-1
1456,70,446.00,690.00,751.00,390.00,1,-1,-1,-1
1457,70,507.00,702.00,787.00,378.00,1,-1,-1,-1
1458,70,568.00,725.00,822.00,355.00,1,-1,-1,-1
1521,52,1670.00,420.00,250.00,172.00,1,-1,-1,-1
1522,52,1643.00,415.00,277.00,164.00,1,-1,-1,-1
1523,52,1591.00,405.00,327.00,161.00,1,-1,-1,-1
1524,52,1565.00,397.00,338.00,155.00,1,-1,-1,-1
1525,52,1540.00,386.00,325.00,154.00,1,-1,-1,-1
1526,52,1514.00,374.00,311.00,153.00,1,-1,-1,-1
1527,52,1496.00,366.00,305.00,150.00,1,-1,-1,-1
1528,52,1468.00,366.00,279.00,142.00,1,-1,-1,-1
1529,52,1444.00,346.00,284.00,158.00,1,-1,-1,-1
1530,52,1434.00,354.00,262.00,135.00,1,-1,-1,-1
1531,52,1414.00,348.00,242.00,135.00,1,-1,-1,-1
1532,52,1412.00,343.00,227.00,132.00,1,-1,-1,-1
1533,52,1387.00,340.00,216.00,124.00,1,-1,-1,-1
1534,52,1362.00,335.00,209.00,123.00,1,-1,-1,-1
1535,52,1354.00,333.00,201.00,111.00,1,-1,-1,-1
1536,52,1328.00,328.00,196.00,116.00,1,-1,-1,-1
1537,52,1319.00,325.00,194.00,114.00,1,-1,-1,-1
1537,53,1621.00,379.00,299.00,212.00,1,-1,-1,-1
1538,52,1298.00,322.00,188.00,108.00,1,-1,-1,-1
1538,53,1568.00,365.00,351.00,218.00,1,-1,-1,-1
1539,52,1292.00,318.00,183.00,107.00,1,-1,-1,-1
1539,53,1546.00,347.00,371.00,215.00,1,-1,-1,-1
1540,52,1272.00,316.00,169.00,105.00,1,-1,-1,-1
1540,53,1492.00,345.00,380.00,205.00,1,-1,-1,-1
1541,52,1262.00,313.00,171.00,105.00,1,-1,-1,-1
1541,53,1481.00,339.00,359.00,198.00,1,-1,-1,-1
1542,52,1258.00,311.00,161.00,103.00,1,-1,-1,-1
1542,53,1460.00,334.00,363.00,194.00,1,-1,-1,-1
1543,52,1243.00,307.00,155.00,105.00,1,-1,-1,-1
1544,52,1235.00,305.00,147.00,103.00,1,-1,-1,-1
1545,52,1226.00,304.00,145.00,97.00,1,-1,-1,-1
1546,52,1210.00,304.00,147.00,91.00,1,-1,-1,-1
1547,52,1207.00,302.00,138.00,89.00,1,-1,-1,-1
1548,52,1199.00,300.00,135.00,88.00,1,-1,-1,-1
1549,52,1190.00,297.00,133.00,87.00,1,-1,-1,-1
1550,52,1182.00,295.00,130.00,86.00,1,-1,-1,-1
1551,52,1173.00,292.00,128.00,86.00,1,-1,-1,-1
1552,52,1165.00,290.00,125.00,85.00,1,-1,-1,-1
1553,52,1156.00,287.00,123.00,84.00,1,-1,-1,-1
1554,52,1148.00,285.00,120.00,83.00,1,-1,-1,-1
1555,52,1146.00,284.00,116.00,79.00,1,-1,-1,-1
1555,53,1246.00,299.00,193.00,122.00,1,-1,-1,-1
1556,52,1143.00,283.00,109.00,78.00,1,-1,-1,-1
1556,53,1225.00,297.00,189.00,123.00,1,-1,-1,-1
1557,52,1138.00,281.00,103.00,75.00,1,-1,-1,-1
1557,53,1217.00,285.00,183.00,131.00,1,-1,-1,-1
1558,52,1134.00,279.00,97.00,71.00,1,-1,-1,-1
1558,53,1214.00,284.00,172.00,130.00,1,-1,-1,-1
1559,52,1129.00,277.00,91.00,68.00,1,-1,-1,-1
1559,53,1203.00,287.00,164.00,118.00,1,-1,-1,-1
1560,52,1125.00,275.00,90.00,68.00,1,-1,-1,-1
1561,52,1120.00,274.00,89.00,67.00,1,-1,-1,-1
1562,52,1116.00,272.00,88.00,67.00,1,-1,-1,-1
1563,52,1111.00,271.00,87.00,66.00,1,-1,-1,-1
1564,52,1107.00,269.00,85.00,66.00,1,-1,-1,-1
1565,52,1102.00,267.00,84.00,65.00,1,-1,-1,-1
1566,52,1098.00,266.00,83.00,65.00,1,-1,-1,-1
1567,52,1093.00,264.00,82.00,64.00,1,-1,-1,-1
1574,53,1096.00,265.00,117.00,83.00,1,-1,-1,-1
1574,76,1668.00,381.00,252.00,194.00,1,-1,-1,-1
1575,53,1092.00,263.00,114.00,82.00,1,-1,-1,-1
1575,76,1636.00,365.00,284.00,193.00,1,-1,-1,-1
1576,53,1087.00,262.00,112.00,81.00,1,-1,-1,-1
1576,76,1584.00,357.00,332.00,193.00,1,-1,-1,-1
1577,53,1082.00,260.00,109.00,79.00,1,-1,-1,-1
1577,76,1565.00,353.00,325.00,187.00,1,-1,-1,-1
1578,53,1077.00,259.00,107.00,78.00,1,-1,-1,-1
1578,76,1513.00,347.00,337.00,179.00,1,-1,-1,-1
1579,53,1073.00,258.00,108.00,78.00,1,-1,-1,-1
1579,76,1503.00,342.00,314.00,172.00,1,-1,-1,-1
1580,53,1069.00,257.00,108.00,77.00,1,-1,-1,-1
1580,76,1485.00,337.00,306.00,166.00,1,-1,-1,-1
1581,53,1065.00,256.00,109.00,77.00,1,-1,-1,-1
1581,76,1459.00,332.00,279.00,164.00,1,-1,-1,-1
1582,53,1060.00,255.00,112.00,77.00,1,-1,-1,-1
1582,76,1442.00,326.00,271.00,162.00,1,-1,-1,-1
1583,53,1055.00,255.00,114.00,77.00,1,-1,-1,-1
1583,76,1438.00,326.00,251.00,151.00,1,-1,-1,-1
1584,53,1054.00,251.00,113.00,78.00,1,-1,-1,-1
1584,76,1410.00,322.00,246.00,147.00,1,-1,-1,-1
1585,53,1051.00,250.00,107.00,77.00,1,-1,-1,-1
1585,76,1391.00,317.00,242.00,146.00,1,-1,-1,-1
1586,53,1050.00,248.00,109.00,77.00,1,-1,-1,-1
1586,76,1371.00,311.00,237.00,144.00,1,-1,-1,-1
1587,53,1051.00,249.00,103.00,74.00,1,-1,-1,-1
1587,76,1354.00,312.00,219.00,132.00,1,-1,-1,-1
1588,53,1053.00,249.00,97.00,72.00,1,-1,-1,-1
1588,76,1350.00,307.00,209.00,131.00,1,-1,-1,-1
1589,76,1322.00,302.00,206.00,129.00,1,-1,-1,-1
1590,76,1316.00,301.00,197.00,128.00,1,-1,-1,-1
1591,76,1291.00,301.00,197.00,122.00,1,-1,-1,-1
1592,53,1049.00,245.00,85.00,62.00,1,-1,-1,-1
1592,76,1288.00,302.00,187.00,119.00,1,-1,-1,-1
1593,53,1048.00,244.00,83.00,62.00,1,-1,-1,-1
1593,76,1261.00,299.00,190.00,120.00,1,-1,-1,-1
1594,53,1048.00,243.00,82.00,62.00,1,-1,-1,-1
1594,76,1256.00,300.00,185.00,117.00,1,-1,-1,-1
1595,53,1047.00,242.00,80.00,62.00,1,-1,-1,-1
1595,76,1252.00,293.00,167.00,117.00,1,-1,-1,-1
1596,53,1046.00,242.00,78.00,63.00,1,-1,-1,-1
1596,76,1233.00,291.00,172.00,111.00,1,-1,-1,-1
1597,53,1045.00,241.00,76.00,63.00,1,-1,-1,-1
1597,76,1222.00,288.00,172.00,109.00,1,-1,-1,-1
1598,53,1045.00,240.00,75.00,63.00,1,-1,-1,-1
1598,76,1215.00,285.00,167.00,107.00,1,-1,-1,-1
1599,53,1044.00,239.00,73.00,63.00,1,-1,-1,-1
1599,76,1206.00,282.00,154.00,106.00,1,-1,-1,-1
1600,53,1045.00,239.00,72.00,62.00,1,-1,-1,-1
1600,76,1198.00,281.00,151.00,105.00,1,-1,-1,-1
1601,53,1045.00,238.00,70.00,61.00,1,-1,-1,-1
1601,76,1192.00,278.00,145.00,105.00,1,-1,-1,-1
1602,53,1046.00,238.00,69.00,60.00,1,-1,-1,-1
1602,76,1181.00,276.00,140.00,109.00,1,-1,-1,-1
1603,53,1046.00,237.00,67.00,59.00,1,-1,-1,-1
1603,76,1179.00,272.00,133.00,110.00,1,-1,-1,-1
1604,53,1047.00,237.00,66.00,58.00,1,-1,-1,-1
1604,76,1173.00,271.00,131.00,108.00,1,-1,-1,-1
1605,53,1047.00,236.00,64.00,57.00,1,-1,-1,-1
1605,76,1167.00,270.00,127.00,106.00,1,-1,-1,-1
1606,53,1048.00,236.00,63.00,56.00,1,-1,-1,-1
1606,76,1160.00,271.00,128.00,100.00,1,-1,-1,-1
1607,76,1148.00,270.00,124.00,100.00,1,-1,-1,-1
1608,76,1146.00,267.00,121.00,98.00,1,-1,-1,-1
1609,76,1140.00,266.00,119.00,97.00,1,-1,-1,-1
1610,76,1135.00,265.00,117.00,95.00,1,-1,-1,-1
1611,76,1130.00,264.00,114.00,92.00,1,-1,-1,-1
1612,75,1078.00,256.00,71.00,58.00,1,-1,-1,-1
1612,76,1125.00,264.00,112.00,90.00,1,-1,-1,-1
1613,75,1076.00,255.00,70.00,57.00,1,-1,-1,-1
1613,76,1119.00,263.00,110.00,87.00,1,-1,-1,-1
1614,75,1075.00,254.00,69.00,57.00,1,-1,-1,-1
1614,76,1114.00,262.00,107.00,85.00,1,-1,-1,-1
1615,75,1073.00,253.00,67.00,56.00,1,-1,-1,-1
1615,76,1109.00,261.00,105.00,82.00,1,-1,-1,-1
1616,75,1072.00,252.00,66.00,56.00,1,-1,-1,-1
1616,76,1106.00,261.00,103.00,80.00,1,-1,-1,-1
1617,76,1103.00,261.00,101.00,79.00,1,-1,-1,-1
1618,76,1100.00,261.00,100.00,77.00,1,-1,-1,-1
1619,76,1096.00,261.00,98.00,75.00,1,-1,-1,-1
1620,76,1093.00,261.00,96.00,74.00,1,-1,-1,-1
1621,76,1090.00,261.00,94.00,72.00,1,-1,-1,-1
1622,76,1087.00,261.00,92.00,69.00,1,-1,-1,-1
1623,76,1082.00,260.00,92.00,68.00,1,-1,-1,-1
1624,76,1081.00,259.00,87.00,68.00,1,-1,-1,-1
1625,76,1080.00,257.00,84.00,68.00,1,-1,-1,-1
1626,76,1079.00,256.00,83.00,67.00,1,-1,-1,-1
1627,76,1077.00,255.00,81.00,67.00,1,-1,-1,-1
1628,76,1076.00,253.00,80.00,66.00,1,-1,-1,-1
1629,76,1074.00,252.00,79.00,65.00,1,-1,-1,-1
1630,76,1073.00,251.00,77.00,64.00,1,-1,-1,-1
1631,76,1071.00,250.00,76.00,64.00,1,-1,-1,-1
1632,76,1070.00,248.00,74.00,63.00,1,-1,-1,-1
1633,76,1068.00,247.00,73.00,62.00,1,-1,-1,-1
1653,77,1073.00,244.00,77.00,68.00,1,-1,-1,-1
1654,77,1073.00,243.00,76.00,67.00,1,-1,-1,-1
1655,77,1072.00,243.00,75.00,67.00,1,-1,-1,-1
1655,80,1655.00,391.00,265.00,166.00,1,-1,-1,-1
1656,77,1072.00,242.00,74.00,66.00,1,-1,-1,-1
1656,80,1588.00,369.00,311.00,171.00,1,-1,-1,-1
1657,77,1071.00,241.00,73.00,65.00,1,-1,-1,-1
1657,80,1567.00,363.00,314.00,167.00,1,-1,-1,-1
1658,77,1070.00,240.00,72.00,65.00,1,-1,-1,-1
1658,80,1523.00,356.00,285.00,163.00,1,-1,-1,-1
1659,77,1070.00,239.00,72.00,64.00,1,-1,-1,-1
1659,80,1500.00,347.00,294.00,160.00,1,-1,-1,-1
1660,77,1069.00,238.00,71.00,63.00,1,-1,-1,-1
1660,80,1462.00,336.00,270.00,164.00,1,-1,-1,-1
1661,77,1068.00,238.00,70.00,62.00,1,-1,-1,-1
1661,80,1464.00,338.00,211.00,143.00,1,-1,-1,-1
1662,77,1068.00,237.00,69.00,62.00,1,-1,-1,-1
1662,80,1435.00,334.00,202.00,138.00,1,-1,-1,-1
1663,77,1067.00,236.00,68.00,61.00,1,-1,-1,-1
1663,80,1415.00,329.00,199.00,132.00,1,-1,-1,-1
1664,77,1067.00,236.00,67.00,61.00,1,-1,-1,-1
1664,80,1394.00,324.00,195.00,125.00,1,-1,-1,-1
1665,77,1068.00,235.00,66.00,60.00,1,-1,-1,-1
1665,80,1365.00,323.00,191.00,121.00,1,-1,-1,-1
1666,77,1068.00,235.00,66.00,60.00,1,-1,-1,-1
1666,80,1348.00,320.00,185.00,117.00,1,-1,-1,-1
1667,77,1069.00,234.00,65.00,60.00,1,-1,-1,-1
1667,80,1331.00,317.00,179.00,113.00,1,-1,-1,-1
1668,77,1069.00,234.00,64.00,60.00,1,-1,-1,-1
1668,80,1307.00,315.00,173.00,109.00,1,-1,-1,-1
1669,77,1070.00,233.00,63.00,59.00,1,-1,-1,-1
1669,80,1299.00,312.00,168.00,109.00,1,-1,-1,-1
1670,80,1278.00,309.00,158.00,106.00,1,-1,-1,-1
1671,80,1269.00,308.00,154.00,105.00,1,-1,-1,-1
1672,80,1260.00,303.00,150.00,98.00,1,-1,-1,-1
1673,80,1239.00,303.00,151.00,94.00,1,-1,-1,-1
1674,80,1231.00,301.00,144.00,92.00,1,-1,-1,-1
1675,80,1217.00,295.00,136.00,94.00,1,-1,-1,-1
1676,80,1209.00,293.00,131.00,94.00,1,-1,-1,-1
1677,80,1199.00,289.00,129.00,92.00,1,-1,-1,-1
1678,80,1184.00,286.00,127.00,92.00,1,-1,-1,-1
1679,80,1177.00,284.00,124.00,91.00,1,-1,-1,-1
1680,80,1167.00,281.00,125.00,91.00,1,-1,-1,-1
1681,80,1160.00,280.00,130.00,87.00,1,-1,-1,-1
1682,80,1146.00,285.00,122.00,81.00,1,-1,-1,-1
1683,80,1144.00,283.00,113.00,79.00,1,-1,-1,-1
1684,80,1136.00,281.00,113.00,80.00,1,-1,-1,-1
1685,80,1137.00,272.00,101.00,78.00,1,-1,-1,-1
1686,80,1125.00,275.00,99.00,72.00,1,-1,-1,-1
1687,80,1117.00,274.00,106.00,73.00,1,-1,-1,-1
1688,80,1113.00,273.00,102.00,71.00,1,-1,-1,-1
1689,80,1109.00,272.00,98.00,70.00,1,-1,-1,-1
1690,80,1105.00,270.00,93.00,68.00,1,-1,-1,-1
1691,80,1101.00,269.00,89.00,67.00,1,-1,-1,-1
1692,80,1097.00,268.00,85.00,65.00,1,-1,-1,-1
1693,80,1094.00,268.00,84.00,64.00,1,-1,-1,-1
1694,80,1091.00,265.00,81.00,63.00,1,-1,-1,-1
1695,80,1087.00,264.00,81.00,63.00,1,-1,-1,-1
1696,80,1083.00,262.00,81.00,63.00,1,-1,-1,-1
1697,80,1081.00,261.00,79.00,64.00,1,-1,-1,-1
1698,80,1079.00,260.00,78.00,63.00,1,-1,-1,-1
1699,80,1078.00,259.00,78.00,63.00,1,-1,-1,-1
1700,80,1076.00,258.00,77.00,62.00,1,-1,-1,-1
1701,80,1074.00,256.00,76.00,61.00,1,-1,-1,-1
1702,80,1073.00,255.00,75.00,61.00,1,-1,-1,-1
1703,80,1071.00,254.00,75.00,60.00,1,-1,-1,-1
1704,80,1069.00,253.00,74.00,59.00,1,-1,-1,-1
1705,80,1068.00,252.00,73.00,59.00,1,-1,-1,-1
1706,80,1066.00,251.00,72.00,58.00,1,-1,-1,-1
1707,80,1064.00,249.00,72.00,57.00,1,-1,-1,-1
1708,80,1063.00,248.00,71.00,57.00,1,-1,-1,-1
1709,80,1061.00,247.00,70.00,56.00,1,-1,-1,-1
1783,71,0.00,421.00,353.00,182.00,1,-1,-1,-1
1784,71,0.00,423.00,366.00,183.00,1,-1,-1,-1
1785,71,0.00,423.00,380.00,182.00,1,-1,-1,-1
1786,71,0.00,422.00,393.00,181.00,1,-1,-1,-1
1787,71,0.00,421.00,420.00,181.00,1,-1,-1,-1
1788,71,13.00,420.00,432.00,180.00,1,-1,-1,-1
1789,71,41.00,419.00,436.00,179.00,1,-1,-1,-1
1790,71,69.00,418.00,441.00,179.00,1,-1,-1,-1
1791,71,97.00,416.00,445.00,178.00,1,-1,-1,-1
1792,71,125.00,415.00,449.00,178.00,1,-1,-1,-1
1793,71,152.00,414.00,453.00,177.00,1,-1,-1,-1
1794,71,180.00,413.00,458.00,176.00,1,-1,-1,-1
1795,71,208.00,411.00,462.00,176.00,1,-1,-1,-1
1796,71,236.00,410.00,466.00,175.00,1,-1,-1,-1
1797,71,251.00,409.00,477.00,174.00,1,-1,-1,-1
1798,71,296.00,405.00,490.00,175.00,1,-1,-1,-1
1799,71,312.00,404.00,498.00,175.00,1,-1,-1,-1
1800,71,364.00,402.00,499.00,176.00,1,-1,-1,-1
1801,71,387.00,396.00,497.00,177.00,1,-1,-1,-1
1802,71,443.00,393.00,493.00,173.00,1,-1,-1,-1
1803,71,469.00,387.00,485.00,175.00,1,-1,-1,-1
1804,71,536.00,386.00,453.00,173.00,1,-1,-1,-1
1805,71,572.00,378.00,443.00,178.00,1,-1,-1,-1
1806,71,607.00,371.00,434.00,183.00,1,-1,-1,-1
1807,71,643.00,363.00,424.00,188.00,1,-1,-1,-1
1808,71,700.00,358.00,405.00,190.00,1,-1,-1,-1
1809,71,726.00,361.00,388.00,184.00,1,-1,-1,-1
1810,71,754.00,360.00,374.00,177.00,1,-1,-1,-1
1811,71,802.00,361.00,371.00,169.00,1,-1,-1,-1
1812,71,835.00,358.00,347.00,167.00,1,-1,-1,-1
1813,71,870.00,358.00,352.00,158.00,1,-1,-1,-1
1814,71,896.00,355.00,329.00,156.00,1,-1,-1,-1
1815,71,926.00,351.00,310.00,154.00,1,-1,-1,-1
1816,71,964.00,350.00,280.00,150.00,1,-1,-1,-1
1817,71,1001.00,348.00,250.00,145.00,1,-1,-1,-1
1818,71,1025.00,344.00,237.00,143.00,1,-1,-1,-1
1819,71,1049.00,340.00,223.00,141.00,1,-1,-1,-1
1820,71,1073.00,337.00,208.00,137.00,1,-1,-1,-1
1821,71,1096.00,334.00,193.00,133.00,1,-1,-1,-1
1822,71,1113.00,330.00,183.00,131.00,1,-1,-1,-1
1823,71,1129.00,325.00,172.00,130.00,1,-1,-1,-1
1824,71,1146.00,321.00,162.00,128.00,1,-1,-1,-1
1825,71,1154.00,319.00,155.00,130.00,1,-1,-1,-1
1826,71,1165.00,318.00,151.00,128.00,1,-1,-1,-1
1827,71,1176.00,317.00,142.00,127.00,1,-1,-1,-1
1828,71,1182.00,313.00,140.00,125.00,1,-1,-1,-1
1829,71,1189.00,311.00,136.00,120.00,1,-1,-1,-1
1830,71,1194.00,309.00,129.00,118.00,1,-1,-1,-1
1831,71,1200.00,308.00,120.00,116.00,1,-1,-1,-1
1832,71,1199.00,305.00,121.00,115.00,1,-1,-1,-1
1833,71,1199.00,302.00,121.00,114.00,1,-1,-1,-1
1834,71,1198.00,299.00,122.00,112.00,1,-1,-1,-1
1835,71,1197.00,296.00,122.00,111.00,1,-1,-1,-1
1836,71,1190.00,297.00,124.00,107.00,1,-1,-1,-1
1837,71,1190.00,297.00,121.00,101.00,1,-1,-1,-1
1838,71,1188.00,296.00,117.00,96.00,1,-1,-1,-1
1839,71,1181.00,289.00,120.00,100.00,1,-1,-1,-1
1840,71,1176.00,285.00,121.00,101.00,1,-1,-1,-1
1841,71,1172.00,288.00,121.00,97.00,1,-1,-1,-1
1842,71,1167.00,285.00,120.00,98.00,1,-1,-1,-1
1843,71,1156.00,282.00,117.00,98.00,1,-1,-1,-1
1844,71,1151.00,282.00,120.00,92.00,1,-1,-1,-1
1845,71,1147.00,280.00,117.00,91.00,1,-1,-1,-1
1846,71,1143.00,279.00,114.00,88.00,1,-1,-1,-1
1847,71,1139.00,278.00,112.00,86.00,1,-1,-1,-1
1848,71,1140.00,272.00,103.00,88.00,1,-1,-1,-1
1849,71,1135.00,271.00,103.00,87.00,1,-1,-1,-1
1850,71,1123.00,269.00,112.00,86.00,1,-1,-1,-1
1851,71,1121.00,270.00,106.00,83.00,1,-1,-1,-1
1852,71,1117.00,269.00,106.00,83.00,1,-1,-1,-1
1853,71,1115.00,270.00,101.00,79.00,1,-1,-1,-1
1854,71,1110.00,271.00,100.00,77.00,1,-1,-1,-1
1855,71,1105.00,270.00,101.00,77.00,1,-1,-1,-1
1856,71,1101.00,269.00,101.00,77.00,1,-1,-1,-1
1857,71,1100.00,268.00,98.00,76.00,1,-1,-1,-1
1858,71,1100.00,264.00,79.00,70.00,1,-1,-1,-1
1859,71,1097.00,262.00,83.00,70.00,1,-1,-1,-1
1860,71,1094.00,262.00,83.00,69.00,1,-1,-1,-1
1860,72,1259.00,315.00,131.00,122.00,1,-1,-1,-1
1861,71,1092.00,261.00,80.00,68.00,1,-1,-1,-1
1861,72,1254.00,312.00,134.00,120.00,1,-1,-1,-1
1862,71,1088.00,260.00,80.00,68.00,1,-1,-1,-1
1862,72,1251.00,309.00,132.00,118.00,1,-1,-1,-1
1863,71,1085.00,258.00,80.00,69.00,1,-1,-1,-1
1863,72,1248.00,307.00,129.00,117.00,1,-1,-1,-1
1864,71,1082.00,257.00,80.00,69.00,1,-1,-1,-1
1864,72,1244.00,303.00,127.00,119.00,1,-1,-1,-1
1865,71,1081.00,256.00,78.00,69.00,1,-1,-1,-1
1865,72,1238.00,301.00,128.00,120.00,1,-1,-1,-1
1866,71,1080.00,255.00,77.00,69.00,1,-1,-1,-1
1866,72,1233.00,300.00,128.00,120.00,1,-1,-1,-1
1867,71,1080.00,253.00,75.00,69.00,1,-1,-1,-1
1867,72,1218.00,300.00,130.00,116.00,1,-1,-1,-1
1868,71,1077.00,252.00,75.00,68.00,1,-1,-1,-1
1868,72,1211.00,295.00,131.00,112.00,1,-1,-1,-1
1869,71,1076.00,252.00,74.00,67.00,1,-1,-1,-1
1869,72,1205.00,293.00,130.00,112.00,1,-1,-1,-1
1870,71,1076.00,251.00,73.00,65.00,1,-1,-1,-1
1870,72,1202.00,293.00,125.00,108.00,1,-1,-1,-1
1871,71,1075.00,251.00,72.00,64.00,1,-1,-1,-1
1871,72,1195.00,292.00,122.00,104.00,1,-1,-1,-1
1872,71,1074.00,251.00,71.00,63.00,1,-1,-1,-1
1872,72,1188.00,290.00,119.00,99.00,1,-1,-1,-1
1873,71,1073.00,250.00,70.00,61.00,1,-1,-1,-1
1873,72,1182.00,288.00,120.00,99.00,1,-1,-1,-1
1874,71,1073.00,250.00,69.00,60.00,1,-1,-1,-1
1874,72,1175.00,283.00,121.00,101.00,1,-1,-1,-1
1875,71,1072.00,249.00,68.00,58.00,1,-1,-1,-1
1875,72,1170.00,281.00,120.00,103.00,1,-1,-1,-1
1876,71,1071.00,249.00,67.00,57.00,1,-1,-1,-1
1876,72,1167.00,284.00,116.00,98.00,1,-1,-1,-1
1877,72,1156.00,282.00,114.00,96.00,1,-1,-1,-1
1878,72,1152.00,282.00,112.00,92.00,1,-1,-1,-1
1879,72,1147.00,280.00,109.00,90.00,1,-1,-1,-1
1880,72,1142.00,278.00,109.00,90.00,1,-1,-1,-1
1881,72,1138.00,277.00,109.00,89.00,1,-1,-1,-1
1882,72,1138.00,273.00,100.00,86.00,1,-1,-1,-1
1883,72,1133.00,272.00,102.00,84.00,1,-1,-1,-1
1884,72,1126.00,272.00,102.00,84.00,1,-1,-1,-1
1885,72,1120.00,268.00,106.00,91.00,1,-1,-1,-1
1886,72,1117.00,269.00,103.00,87.00,1,-1,-1,-1
1887,72,1116.00,269.00,98.00,83.00,1,-1,-1,-1
1888,72,1111.00,268.00,97.00,80.00,1,-1,-1,-1
1889,72,1107.00,268.00,95.00,80.00,1,-1,-1,-1
1890,72,1104.00,268.00,94.00,79.00,1,-1,-1,-1
1891,72,1104.00,267.00,90.00,79.00,1,-1,-1,-1
1892,72,1104.00,264.00,87.00,78.00,1,-1,-1,-1
1893,72,1099.00,261.00,81.00,76.00,1,-1,-1,-1
1894,72,1097.00,260.00,81.00,75.00,1,-1,-1,-1
1895,72,1094.00,259.00,83.00,72.00,1,-1,-1,-1
1896,72,1092.00,257.00,80.00,70.00,1,-1,-1,-1
1897,72,1090.00,256.00,79.00,70.00,1,-1,-1,-1
1898,72,1091.00,254.00,77.00,72.00,1,-1,-1,-1
1899,72,1089.00,253.00,77.00,73.00,1,-1,-1,-1
1900,72,1088.00,253.00,76.00,72.00,1,-1,-1,-1
1901,72,1087.00,252.00,75.00,71.00,1,-1,-1,-1
1902,72,1086.00,252.00,74.00,70.00,1,-1,-1,-1
1903,72,1085.00,251.00,73.00,69.00,1,-1,-1,-1
1904,72,1084.00,251.00,72.00,68.00,1,-1,-1,-1
1905,72,1083.00,250.00,71.00,67.00,1,-1,-1,-1
1906,72,1082.00,250.00,71.00,65.00,1,-1,-1,-1
1907,72,1081.00,249.00,70.00,64.00,1,-1,-1,-1
1908,72,1080.00,249.00,69.00,63.00,1,-1,-1,-1
1909,72,1079.00,248.00,68.00,62.00,1,-1,-1,-1
1910,72,1078.00,248.00,67.00,61.00,1,-1,-1,-1
1911,72,1077.00,247.00,66.00,60.00,1,-1,-1,-1
1912,72,1076.00,247.00,65.00,59.00,1,-1,-1,-1
1945,94,1650.00,343.00,270.00,128.00,1,-1,-1,-1
1946,94,1594.00,348.00,325.00,116.00,1,-1,-1,-1
1947,94,1537.00,348.00,328.00,117.00,1,-1,-1,-1
1948,94,1480.00,348.00,331.00,117.00,1,-1,-1,-1
1949,94,1422.00,347.00,333.00,118.00,1,-1,-1,-1
1950,94,1365.00,347.00,336.00,118.00,1,-1,-1,-1
1951,94,1299.00,346.00,337.00,121.00,1,-1,-1,-1
1952,94,1234.00,344.00,337.00,124.00,1,-1,-1,-1
1953,94,1168.00,343.00,338.00,127.00,1,-1,-1,-1
1954,94,1102.00,341.00,338.00,130.00,1,-1,-1,-1
1955,94,1029.00,345.00,342.00,126.00,1,-1,-1,-1
